            Column  Outlier Count  Column Min  Outlier Range (min)  \
0      creditscore             16  350.000000           384.125000   
1           gender              0    0.000000            -1.500000   
2              age            161    1.372307             1.403248   
3           tenure              0    0.000000            -3.375000   
4          balance              0    0.000000       -191459.058750   
5    numofproducts             60    1.000000            -0.500000   
6        hascrcard              0    0.000000            -1.500000   
7   isactivemember              0    0.000000            -1.500000   
8  estimatedsalary              0   11.580000        -96594.886250   
9           exited           2037    0.000000             0.000000   

   Outlier Range (max)     Column Max  
0           917.125000     850.000000  
1             2.500000       1.000000  
2             1.670056       1.710658  
3            13.625000      10.000000  
4        319098.431250  250898.090000  
5             3.500000       4.000000  
6             2.500000       1.000000  
7             2.500000       1.000000  
8        296997.103750  199992.480000  
9             0.000000       1.000000  