                  Column  Outlier Count  Column Min  Outlier Range (min)  Outlier Range (max)     Column Max
0            creditscore             16  350.000000           384.125000           917.125000     850.000000
1                 gender              0    0.000000            -1.500000             2.500000       1.000000
2                    age            182    2.944439             3.031275             4.271895       4.532599
3                 tenure              0    0.000000            -3.375000            13.625000      10.000000
4                balance              0    0.000000       -191459.058750        319098.431250  250898.090000
5          numofproducts             60    1.000000            -0.500000             3.500000       4.000000
6              hascrcard              0    0.000000            -1.500000             2.500000       1.000000
7         isactivemember              0    0.000000            -1.500000             2.500000       1.000000
8        estimatedsalary              0   11.580000        -96594.886250        296997.103750  199992.480000
9                 exited           2037    0.000000             0.000000             0.000000       1.000000
10      creditscorerange            653    0.000000            -0.500000             3.500000       4.000000
11          balancerange              0    0.000000            -3.000000             5.000000       2.000000
12  estimatedsalaryrange              0    0.000000            -0.500000             3.500000       2.000000
13           tenurerange              0    0.000000            -2.000000             6.000000       3.000000